1.35195607606 -1.40664929806
2.44380024524 -0.154854633198
2.01849074226 2.09761818702
1.3037220965 0.644686187166
0.341956485008 -1.35059792421
1.35526415898 -2.12160358745
1.20875503402 0.131312923753
1.37717268636 -1.46659535604
1.01722880698 -1.46068902481
0.0979888090062 -0.0995229382614
-0.0807529891919 -0.517660372716
0.253896737005 0.359842149942
1.46810057785 0.532732444944
0.0665900498909 -0.847283183501
0.267890463599 -0.76269850991
1.14864315755 -1.65019396292
1.12854001784 -2.32485761791
0.857792722216 -1.95446223703
2.51965773025 -0.286592608484
1.68301814769 -0.932292931476
1.88596703568 0.981491684796
0.0864605961277 -2.53420372799
0.655675924909 -0.933889089129
0.0903003199245 -0.954619895492
1.2785518543 0.570159898902
0.707491691136 -0.884161969081
3.0996865847 -1.43732992081
2.07717796958 -0.678963825069
0.436505552101 0.54449771195
0.654859744382 -0.107516862221
0.450855156565 0.241903507726
1.32252083388 -2.21038200294
0.0798765468766 -2.06350274053
1.18052403022 0.432934469465
-0.0416242210075 -1.20717222754
-0.848634469236 -0.0468704783127
1.90626042108 -1.16368683541
3.30373687185 -1.03473471849
0.512459651064 -3.0020863707
1.34788270286 -0.845553999441
1.21078198223 -2.04111661691
0.756707046117 1.03784112952
1.3431481244 1.30358158003
0.0239262413303 -0.0818617196442
0.578835395065 -1.29572216421
2.10183270199 -1.92092969377
0.314555882014 -0.800637877579
-1.40155628306 -1.11454808583
0.443144697784 -1.66600474637
1.76648174222 -0.0209509169062
-0.711518218759 -2.51987689653
1.84291744325 -0.784054526187
1.54605414253 -0.289061952942
1.61933588938 -1.10666245576
0.469595546542 0.0209785050006
0.805785511472 0.689621422008
1.22657703881 -1.44614372631
2.36399296966 -2.09391713146
1.98932185136 -2.36291168772
1.79483682431 -1.91221473222
2.47189315208 -2.21096563512
1.12323441897 0.275226042704
1.5563255936 -1.84570875
0.845754178825 -1.33355410787
-0.181677067146 -0.680056115571
1.78538456493 -1.56250744359
-0.683014542231 -2.21147971327
1.24746892332 -0.713376590928
1.7339099699 -2.12200258505
1.29556934191 -0.615915355993
1.96705934089 -0.417994868593
1.90585880556 -1.75279577829
-0.126611993142 -1.52154768325
0.568375780651 -2.6418202341
1.03889817513 -1.74793317721
-1.1347156319 0.809989633607
0.779452589324 -1.38411016306
-0.0967418364145 -0.694521464283
1.97482184492 1.97714016174
0.479055862771 -0.724133012329
1.56464167587 -1.9835731967
0.0913278125039 -2.31413605785
3.71435959188 -0.830317795087
1.78705800741 -2.17830214446
1.50291494978 -0.37984586109
0.517401487679 0.0714363385004
1.84393495052 -0.616457540827
1.26627988783 -1.21895859802
2.1315731333 -1.01137684195
3.21614226048 -0.877072123857
0.708415066772 -0.536746537604
0.307095610741 -1.81225398253
2.06075647081 -0.0439110756835
0.726725523533 0.33147054412
-1.5882853743 0.603601881386
0.0102073884477 -1.07129725431
2.39535555556 -1.76816700867
1.21035917314 -0.217887696767
1.4679373362 -0.792460724557
1.75894230618 -0.0405439398697
1.59628945681 -1.59546615914
2.2554413662 -1.36372855467
0.729678757682 -1.68773356021
0.557397940094 -1.41524558922
0.421548820611 -1.29658340858
1.59966489916 -1.4224225335
0.124194617394 1.14489448825
-0.578355712341 0.197584643763
2.60390258156 -1.63468594661
1.03644470656 -0.0415244354481
0.339890448316 -1.79006210009
0.679863616499 0.212503523044
0.140477534578 -0.882141688568
2.2200951803 -2.03986084831
0.971800651155 -0.614889102275
0.313560268277 -2.58216947325
2.09695648212 1.9292114755
-0.379771681382 -0.860236045018
-0.262620046537 -0.710293311899
-0.483081530917 -0.964751400604
1.54650150621 -1.40754081345
-1.93695714761 -0.307279028194
0.995443957925 -0.662751667465
0.179511562001 -0.178654553265
0.586120080284 -1.74855734427
1.37402828398 -0.652432801006
2.09789261782 -1.85190232312
0.846451402041 -0.0461744575203
1.5481821845 -1.80435585883
-0.524616216757 0.452176020712
0.976977290807 -1.47750378783
0.172873448216 -1.83043041928
0.985119805309 -1.28391933285
0.875073940254 0.433825516447
0.531869545638 -0.233857554882
1.62773224711 -1.55930728437
0.954419785308 -0.0112642541448
0.0865549032573 -2.87635358482
-1.25494519747 -1.33698314206
1.40310973541 -2.18547795166
0.0692777965466 -1.32463192203
0.854702350429 0.0890720140533
1.67358498425 -1.11414723856
1.54306667641 -1.13883818299
1.84148525467 -2.77300146078
0.886178528749 -1.20262723903
0.362711221794 -1.66074499853
1.3097994169 0.39745279305
1.02326738847 -2.79305544029
2.73046671364 -1.24072819918
2.1380795303 0.235077807694
1.5882426877 -1.751174574
-0.243846982842 0.434118555145
1.38987193246 -0.709319113212
2.45139077004 -0.149373593278
1.82198874759 -0.0154421965684
0.272705006105 -0.66448736211
0.150526163029 -0.732317935299
0.223214025312 -2.75109091467
2.31005785455 0.445856486612
1.15022156909 -3.2490401164
-0.424612399449 -1.66807673304
0.947637457101 -1.23711553104
2.02515972385 -0.43961680068
0.423746901358 -1.76317600931
-0.31533189727 0.535253238956
-0.564305459024 -0.424890809707
1.55309334465 -0.622303761856
1.28208682036 0.151502558081
0.533513264774 0.358621329653
3.30104320995 0.556540928134
1.41934204653 -1.69947159994
1.10184162082 -2.00790089565
3.00255808749 -2.13328675939
2.17899435913 -1.2896306758
0.954740169258 -1.4854663031
1.1309393038 -1.12422430264
2.05419662852 -0.629407875492
2.34419648561 0.846920533419
1.7013657872 -2.35371291207
0.488850227579 -1.79171066185
0.984860902425 -2.11393247273
2.44000298583 -2.37001719882
1.51361532425 -2.26695017346
2.61079760299 -0.696180043694
0.355673327913 -0.228895873525
0.844477678235 1.35297461544
1.25318727642 -1.42610084077
2.17316467696 -1.11001706956
1.07086168703 -1.22252990412
0.891903318606 0.0556020798811
1.08438545332 0.430476233203
2.37708088317 -1.96047877042
1.95558630706 -1.04749172013
3.63103683588 -1.30914824658
0.304787707235 -0.163254006574
-0.817645264929 -1.7590511646
0.556121525801 -3.15967509768
0.277599051254 0.701446234348
0.214335476009 -2.24683576237
5.56472919697 -5.36952788664
4.65783926676 -4.20098664734
6.83212603476 -4.64906728891
4.61557311358 -5.97064500096
4.94519471516 -4.89689324195
4.14257119809 -4.80424682027
4.74201195718 -2.94530237831
6.04724834166 -5.29369808408
3.90599392708 -5.56760351764
7.39995751381 -5.47918127574
6.62771894425 -5.39841015595
4.72720616498 -4.20133318345
5.16607708257 -5.21866023477
7.55340482148 -4.53751885179
2.91583352575 -3.84908286508
6.00478523037 -5.39256938514
5.00533799819 -4.75024342955
5.92818874937 -5.52283908366
4.39939386738 -4.38586817717
5.69337015794 -4.35809378601
5.76960071271 -4.28978471851
7.97812440968 -6.93455704463
7.69950411505 -4.4816666149
5.13070821336 -3.86669055272
5.55363421848 -2.71295699165
6.07074665325 -3.48110368822
5.62398191226 -4.90144999478
6.1635879545 -4.13167230211
6.70825693709 -4.01293314918
6.17169313123 -6.01034299166
5.81454238993 -5.07073418745
8.08914488955 -3.87375590404
4.54967414785 -4.65454654647
5.54056109827 -5.14388225808
6.17315319632 -3.68096287241
6.2276230026 -5.45256237035
6.40949288919 -5.06103275569
3.99731359476 -4.9643234922
6.73190334078 -3.8558225201
4.45921720331 -4.29800461833
7.33438209837 -3.63413476462
4.98853136393 -4.50522465556
6.73292944142 -5.43436834153
5.35717351055 -3.66076225118
4.00828440965 -5.10685942629
6.07423268989 -5.31817606372
4.87305766401 -2.87242686869
5.82972561456 -5.08106801172
6.02953545307 -2.86008886968
3.90009792227 -4.79099986954
5.37833573102 -3.46994697299
4.93395786637 -5.46320427866
5.40518938177 -4.30065848677
6.62332417265 -3.18610245513
6.67827612976 -5.99598390102
5.29928577272 -2.38571435032
4.72171554768 -4.82733632357
5.38741722017 -3.21769240556
3.63762107994 -4.56155350719
4.31247609971 -5.46525888205
5.14483555363 -5.43130227133
5.5025824108 -3.69134748715
4.64238397106 -6.04800942931
4.8954642243 -3.20943273135
4.41547306751 -4.81764867019
6.2712540442 -5.20656795456
5.01258708114 -4.7396313627
4.69824285643 -4.00688637231
6.26139873355 -5.19762948282
7.37760359045 -3.68578561959
7.22112864977 -5.48802685424
5.35152543668 -6.32490375991
5.78180744779 -3.83724844841
3.63987102428 -3.2240777894
5.9662499578 -5.28052278322
5.30557507677 -4.08627352928
4.75885163083 -6.25231882636
6.4429032989 -5.14941538444
5.07711409764 -6.18169926383
7.10856404646 -6.1820713705
7.48659618453 -5.08598721202
5.92861776189 -4.93456713818
4.94004915454 -5.34809944687
4.95110713355 -2.71216442194
5.24209242714 -6.22463888655
3.91635129115 -3.53326783118
6.14489401931 -3.26978681668
5.14324762669 -4.92392151629
5.4942717144 -3.97328341037
5.22442709475 -4.10706185553
4.6913185978 -4.72038184579
4.46354508387 -3.37550743861
4.38896219675 -4.25685434816
5.69242736413 -5.0500328642
5.4261454138 -1.94965708033
6.22202807907 -5.6774127748
4.08401856135 -4.40315049459
4.2251931994 -3.71751874272
4.92612814581 -4.52775001302
4.74384222187 -3.80430316707
5.19598758582 -4.0848419445
6.70781632565 -4.87421618576
6.88988062675 -6.25883185819
4.99691564956 -3.83695568703
5.92759048601 -5.21982507852
5.89922143187 -4.38348472986
4.02147052752 -3.36848207857
5.6770459109 -5.12859289043
5.18699395874 -5.16111280321
4.45129261998 -5.10085079483
4.61740501108 -5.17022279853
6.20793679627 -5.6792542172
4.60192319979 -3.73397986479
5.92495645314 -4.10364766667
4.7088977873 -5.05751438102
7.30895877816 -4.81262528736
4.87433753305 -4.82730178966
6.46384881185 -4.00693153877
5.35957593153 -5.37931778752
5.18746042399 -4.58717971351
5.1104657713 -3.6635700859
7.19690319202 -3.17597955002
4.46662502937 -3.54905073357
6.66660097013 -5.01413503672
6.52364700337 -4.49431925845
5.80614576221 -3.81328313364
5.14577496401 -5.40399131711
5.27211147987 -4.72585622456
4.48879647687 -2.61894928807
5.93545638977 -3.35711013875
6.04853919839 -3.4481455555
6.33394012206 -3.60661494668
7.25006263048 -4.05298760579
6.11959824711 -2.95471263243
7.58247112412 -3.53985373661
6.22521927843 -6.32906494881
2.87319520308 -4.16449091547
5.0400218221 -4.7624529035
5.02632993778 -3.55603151564
3.95772567321 -3.82133047553
4.65782960999 -4.74577309174
4.09906261261 -5.78999109029
5.79192278715 -4.78494960316
6.81938557455 -2.85095139507
5.1470022815 -4.06108524748
5.24436455842 -4.46178373972
6.62195377772 -4.57396349026
6.44983816877 -7.01623343208
6.48597034046 -6.2198049242
5.03937768512 -3.69645539286
6.22496935793 -4.8080341478
7.15918315961 -4.68992801445
6.42421887265 -3.96857491205
6.34907550941 -3.63439720083
3.98597663584 -3.91072311593
5.35969911698 -5.6871106225
6.00638334962 -3.40112076911
4.51860276596 -4.15806541067
5.78872069141 -4.27601017388
4.68118289658 -5.86264263172
6.04764587382 -4.55684232444
5.76145284404 -5.68050587251
6.32810385618 -5.51891101044
6.03208397893 -4.55764000561
3.88084378153 -5.26863508559
5.25092179383 -4.12373207764
5.76229777353 -4.76959539207
5.95550945436 -4.44203862197
6.67778677947 -5.44381914631
5.48074414292 -4.20100395424
5.17769222414 -6.96579327806
3.43838202126 -5.88049869493
5.52039154892 -5.09162629296
4.75417135869 -4.21582498265
6.06110561073 -5.05290948726
5.70132166809 -3.7126447073
4.58233577732 -5.77622908676
6.36687311426 -5.75486791323
5.58513759522 -1.91275184187
5.05297884651 -4.11348157352
5.41578400957 -4.22095595904
5.36740206935 -7.02463139732
6.73247405469 -5.1359859365
4.54499195414 -6.30852912948
5.04731245249 -3.22008919711
4.17789322514 -5.74430154434
5.97887865883 -4.40776216737
5.4954153996 -3.84632453736
5.6891999102 -4.24568216302
7.25205863579 -4.93809819032
5.57362247225 -5.72271950472
8.76367234504 -5.51857552492
4.50313581764 -4.2019560162
7.17013788764 -4.88048703684
6.43161724996 -3.66220512112
4.56047125435 -6.90991974373
3.23559086876 -4.18705934138
4.08471411624 -3.73032443608
5.84692331418 -4.45378171405
5.9668311117 -4.95208288197
0.764493066623 2.72874399821
-0.0531612059286 4.82761602937
1.65616375354 4.50504005248
1.59628530557 2.91062182674
1.16341845498 3.17232897712
2.30886844983 3.45768717502
0.665004872283 3.99253200713
-0.0530701331257 1.86563248324
-0.349275149286 4.46322876747
1.05752044097 3.12127514705
-0.262511010367 4.37805721744
-1.22315963135 4.54354432637
-1.6511857412 3.97010456853
-0.190098928021 4.27457937957
0.299676299235 4.65626748134
2.42648961744 4.3797593168
2.43549378775 4.51030364608
-0.133282366053 4.52354409187
1.11050638041 5.06728258046
0.509284543127 4.42040582252
1.06095570528 2.53473062435
0.903684139186 4.56281812543
0.18731619285 3.93046682076
1.51100164333 3.32350002526
1.35866271319 4.43893969358
0.670616078064 4.1950319667
1.5866606998 4.21024536246
0.932209915361 2.2144767139
0.735058953931 4.28356772094
1.41041241258 4.75680646451
-0.496349150799 2.25708130246
-1.49609690796 2.47880828645
2.57333250925 3.20186611863
0.698689940447 4.96177327707
0.768186180099 3.75310415239
0.712230975001 4.660347417
0.0804514963109 4.07782180926
-0.478637315659 3.44206624338
0.958645740052 4.47850265904
0.159833566379 2.84141501131
1.4580473399 3.85909923763
2.13446778753 3.39773812081
1.55011198407 3.75291108456
-1.53935157786 5.58397891852
2.58956325731 4.4174014278
0.0891525766992 6.17052738364
0.154617344839 3.57030928903
-0.239612086442 4.27830300363
0.766193525952 4.20100790325
-0.0678139705525 5.32928697005
0.463295388877 3.69519733369
0.430087537043 3.25807980294
1.36109410948 4.57225828955
1.68342580476 3.02177472119
1.10288512356 3.22379707398
-1.8268561089 3.35365696148
0.707976446736 3.55488468307
1.3767966036 3.17452571573
1.50304223381 5.77363959839
0.318810842356 4.10638308908
1.45845890449 3.59642820109
1.72939027319 5.85399044371
1.44780824604 4.26784475172
0.0131986804163 2.5436354057
1.14761876792 4.65166317672
3.81613615299 4.07493189599
0.666401855279 5.65591718837
1.15315968996 3.06737849359
0.450927437533 5.30992720277
3.47080547632 3.20545948823
1.47344830002 4.22147571611
1.4707091257 4.37208538559
-0.651686386118 3.92344742559
1.34373227559 4.81214959652
0.166008048776 5.33738370013
0.833105609847 3.70108373719
1.16200911651 4.17373085408
1.78771818814 4.47840487573
1.90951324588 3.80445702481
0.240086315715 4.31351755609
-0.618701357566 0.598303325217
0.843519941803 3.89180505819
2.30174621213 3.77772841546
-1.05756231414 4.38802626449
0.985646224265 4.13652651955
0.481861246026 5.36544874275
1.8182573483 3.71986110009
2.51438748988 4.03812125643
0.465173181619 3.95681405577
0.314569671287 4.02114260376
0.932819242729 5.00598431787
0.888029526034 4.55861551045
0.820921385777 2.22455940896
1.03689912452 2.1577825788
2.04169182784 4.33672588211
-0.0472543945341 4.89289015981
1.38629670223 4.28097707599
-1.94170305683 5.10381936824
2.47044938234 3.76666535179
2.43208482187 1.8375059421
-0.121423870199 4.19645330136
2.60300816688 4.18004287816
0.790324211837 2.97715665965
0.0878001458857 4.40222140276
1.40885660398 3.30676697672
0.222027768413 4.43428345435
1.70037665478 4.95517543981
2.00440574774 4.01701518167
2.57790086908 4.64219794915
0.729254428273 3.2409210517
0.752213373094 4.62247452618
-0.710100954991 3.62500819388
2.71043330537 3.13542309503
0.431623498466 5.43844920492
0.923100216053 1.93874427747
1.1761982732 1.86067085175
1.83671409675 4.11813314963
0.884877058898 2.21262098182
-0.385715904114 5.2009514511
1.83140654884 3.62950014681
0.476778110712 2.68125076413
-0.846930206081 2.87124390297
1.36869846051 5.71787298997
0.869080567367 3.14824426645
0.595972743434 3.41624752257
2.43640441297 5.47122059078
0.415521187213 4.41507802341
0.673390585413 5.15703956268
0.667691128281 3.59379319909
1.46990702802 3.01084326137
1.49072225145 3.39056492194
0.773320437322 3.70935186743
1.70945150657 3.61416834247
2.80001386808 3.46071623651
0.580365795766 4.9012314476
0.0985645803811 3.23239424675
1.2556923664 2.81673408202
0.429553591217 2.31776341125
0.981947301432 3.83058526109
1.05008346542 5.51775075652
3.09456994856 3.73532164134
1.85993836065 4.68694434117
-0.516195309442 5.2729912859
2.97369348448 4.2893944742
-0.532095383436 4.59361274804
0.134519750295 5.80808972463
2.08974455358 5.07581496258
1.14447074412 2.98430428801
1.25810767747 2.54727206967
1.31773980909 4.19814262301
1.3113440586 6.02486962098
0.471811019139 4.53416167769
1.74060461017 4.80431702291
1.96419862238 2.83277935746
1.76745018262 3.0035374091
1.17502633633 4.58536643867
0.92706882284 3.27408831984
0.501303734683 3.97497725646
-0.814450701081 1.07864309173
2.35314998605 4.81872870697
1.9991922223 4.38859423307
1.27250201387 3.37923239803
0.79307775631 5.07449529967
1.69408943891 5.07651543529
1.80103613841 3.97432119119
0.300197635654 3.22646802926
0.883655494993 4.51394284125
0.677827813587 3.73463719601
-0.169277669083 4.6922409374
2.52070979263 3.95969360506
0.431018703325 3.51654710961
1.71584283302 4.38478768256
-0.988380488384 4.98949600268
1.48450167609 3.583602256
2.17251561003 4.0923512773
2.10633459767 3.98346626607
1.02221965515 3.24437406106
1.88042541245 4.78345579628
1.67672804738 4.01017971219
0.7887400507 3.80569031084
2.09521356296 4.20904337897
1.6273687596 5.96347330887
-0.177839014505 2.49092922238
0.163547007066 4.68267687219
2.78216747208 3.99322489058
0.546472260037 5.23870826264
-0.406583223243 6.31201620557
1.78751704226 4.66438589629
1.75230318709 4.38999515236
2.85396816035 4.93613940354
2.0534400998 4.12582459386
0.548147811824 4.0838922344
1.34528846733 4.04360023818
-0.142676235806 5.49962067532
1.75047574173 3.07725276153
0.549876209617 4.90640852555
0.957966657935 3.90162887818
-0.246381382735 4.76849316533
0.334310802755 3.51605639211
1.65859081832 4.67691180832
8.37784748726 4.35836812786
5.94019995549 5.97417361494
5.54424362023 5.60326275719
5.90731770423 5.03275098948
8.03035827878 5.15379229004
7.09358906717 3.31364985973
5.26286924321 4.83830284986
6.95506419532 3.99217383778
6.8156516922 4.42781890825
7.42386716323 3.02251940859
6.29697519361 5.35757903367
6.89880837639 3.4650600053
6.5474340177 3.61593319688
5.96334399971 5.05482786769
5.92827307984 5.79462271588
5.29621982698 6.10252956607
3.64414393244 5.70899575393
5.44257770543 4.94465293163
4.54502608472 3.71723627521
4.18709642349 3.28631485226
6.49833897885 4.09133591954
4.38366196135 2.79065173892
5.52240525504 4.55913687452
3.98655282139 5.39006739437
6.36685271623 2.92143987859
5.33412117387 4.37133010875
7.90135830589 5.62314985393
6.11706139764 4.45588051337
5.89737373299 4.02204142144
5.66086453736 5.70231300793
6.77465788397 3.21305639233
5.30948909053 3.27915046697
6.46972475896 5.77592151577
7.0383384315 3.82815870083
5.49821881712 3.79094253385
6.40665660951 3.66138829316
5.32879998802 4.54724925349
5.47361580989 4.77233386993
4.91458522392 3.65148556869
4.95375971447 5.10187278238
7.83878951603 5.42467638415
6.9803027472 3.66657756405
5.47568521282 2.98944045177
6.47772562463 6.23191862072
6.18811009887 5.52645372775
5.86526953914 5.42409807075
8.17516354417 3.37046207465
6.08534975058 3.83780520605
5.21497639577 6.58239760667
7.26314482606 4.71000038324
5.32846684682 6.83874770313
7.17532868822 3.0395307717
7.91366637856 4.09652973411
6.34713677485 3.9841641563
6.36004986817 5.07483530947
5.85853148341 3.7601576666
6.94626102718 4.92225824967
5.72609390175 5.11170645726
6.50107074909 6.03107519474
4.40547565583 4.86769999933
5.77457248546 2.89254419305
5.6962020753 4.92161629934
5.58545493668 4.29224989343
5.90502015475 4.91633636735
7.127996546 5.21806180859
4.93231536222 5.24823814033
6.05372512081 3.223521042
5.86975756472 3.83278681995
7.79169602539 4.54277380805
7.64259345011 3.23002044489
6.6475596488 3.64809908821
4.83246006766 4.93813584341
7.64113749863 4.72914406872
5.3020796001 3.4402188766
5.90234804427 4.02477777284
6.84906929179 4.29943580176
6.04074315375 3.46114957371
4.86800276208 4.39904705317
5.82864510186 2.93032328717
5.25615820396 3.98537794135
7.55854457989 4.69982771169
6.65823601825 4.40899571757
5.41287937388 4.5733826351
6.61333657012 4.9002962485
6.27733515976 5.1009868322
7.55886204326 6.20789010478
6.15328926335 6.0901746013
6.14860599435 3.94539764489
5.59632661267 3.51433614245
5.67978234774 3.49726300383
6.88872285992 4.39137954604
6.52150357408 4.32579442405
6.39697054563 7.03538793988
5.39606575068 2.44855411814
5.59125247261 4.76108566842
6.29667903064 5.90540600029
5.32555881697 3.98079703607
4.46956100228 6.1707998958
5.77477605369 2.09522600188
4.65951155883 2.85066329681
4.2885331237 2.00220158301
6.33440042951 4.04283718559
4.61174557623 5.05456558154
4.71713980334 3.63422054421
6.5166589053 3.65637778206
5.53527216396 5.10570804375
7.62643883318 3.85713862564
7.04919171928 2.09237780887
6.59553053217 6.48577770107
5.77805890859 3.92865932645
4.68166924595 5.03039496525
5.71382581937 3.99666665658
5.35152896935 4.16742537639
6.69205663035 5.88414033956
6.41446444813 3.63125753323
5.81026796012 4.51212100071
4.89794401713 6.32108298266
6.04102417659 3.82023378106
5.56312009699 4.15023635113
3.7233958129 5.98966198169
5.19082527642 3.75761698317
5.1075936233 2.7959890058
7.03610741186 4.55179011444
6.35531318448 6.2660295932
5.88339197815 4.7687957566
7.40405778302 5.20510304727
5.25054488279 4.50369511576
6.53953968774 4.04889599447
7.07153572675 5.20953413066
5.23808026772 4.17245379621
5.28488472321 5.47279038779
6.26879424423 5.47861936009
6.31778741546 4.03440200711
6.30443606808 3.58253371439
5.15910255509 2.47094839364
5.16735824804 4.26215402713
5.863707159 4.61154640067
5.34260791741 6.64241419519
6.50449172256 6.34367051448
5.31120112593 2.95017118988
5.58825641192 4.1474628048
6.03904617758 1.86682215459
7.36247798523 3.93220534403
5.68154733808 4.27733508304
4.46997137655 4.83502101984
6.05168628712 4.45352505718
5.04230751835 3.75713316499
4.42210989279 3.64548842995
7.01123930592 6.63121497308
5.33622097443 4.45852070965
6.14622510676 6.29594920492
5.98041903067 5.2801886349
4.99905641122 5.81078608852
5.53116904078 3.85935686381
4.05638409081 5.58984152366
6.28286333142 5.08309213843
7.06172108046 4.47277884764
5.7992155085 4.22775931414
4.90878834516 5.72310845445
6.57445778492 4.12118935246
7.04235399797 4.91563713673
7.11546100364 3.12996628914
6.72581130586 4.59801026352
7.54225126469 3.61427646787
4.0643159419 3.90414957518
4.73935883633 4.52704640459
6.74692859855 3.24298871732
5.19485600285 5.57350234911
5.46675223036 4.43042002652
5.53487047995 7.56075212015
5.86236994559 3.55909385544
7.48171840273 4.33516318027
6.91638743266 3.27390543103
4.98657901385 5.79404450732
5.73984613175 3.56039085472
4.95406610687 6.03437090829
5.6079240463 5.08913713352
6.22136291737 5.19078912632
5.27586290483 5.49863248098
6.88271524336 5.93141236118
7.14086436564 3.7665632477
4.93543289863 4.46832560821
6.8825532897 3.43362122723
4.70275598775 5.7904193215
7.08769592637 5.01649419974
7.06831694868 4.48503399121
6.89297608817 4.70527506514
7.74789001826 5.04295921209
5.77674255127 5.6821645121
7.21974269503 4.0980057877
4.36803746115 6.19551307547
8.32975111059 4.41800836544
7.70692107309 4.74178675513
7.41191537674 5.01028093249
6.8304252624 5.16783457216
6.23582240384 5.48303423626
4.16563143451 5.21205668551
6.20842233567 4.95751735834
5.85095931486 2.82600891948
4.86069478156 3.69110744154
8.99683450148 0.140099006797
7.96873188376 -0.721690937999
7.86666806026 -1.1215189296
9.67516049892 1.42018860335
10.2058217924 -0.779354827438
7.05269315308 -0.424126281323
9.48753022392 -0.502142705767
8.15757163351 -0.417301257454
8.81905133882 0.311864853143
9.91141503375 0.0119113350039
8.04236906566 -0.695811755544
10.8287108723 0.912840857397
7.67794185901 -0.6441945694
8.00255031011 -0.946188206214
9.64963844677 1.91059138216
8.45502597056 0.378952449172
10.1681102027 1.39077223354
8.87736028914 0.243276611897
8.17434096242 -2.29539638578
8.35783807666 1.13831953654
9.66696718806 -0.20013455279
8.85870254769 0.525221021046
9.46684964517 -0.573695177911
8.18183290433 0.452599018754
9.09467127703 0.800771654902
7.86808749861 -0.260490733949
9.20647748229 -1.31254187102
9.15085971913 -0.00600231445959
9.31639714103 0.261656784637
9.26667140512 -0.144160093335
6.10168048992 1.57219734936
9.2697528354 -0.598264012217
9.94358991395 0.507359530773
7.46988145558 -0.475306189404
8.94575653933 0.711892608898
9.52254728454 2.91270047314
6.22882764322 0.163212076983
8.89298525208 1.26564311529
7.16858552519 -0.513659735335
10.0744771294 1.36990552146
8.42555686104 -0.945254000273
7.69651406993 0.71683808752
9.97586634035 -0.127598786803
10.8295961301 -0.978158973979
8.25161301592 0.0610084508959
10.3675663494 -0.319054395405
8.61963459363 -0.0209299718686
8.9795473002 0.793374714621
8.28732112012 0.713124146742
8.29632732029 -0.214705114962
9.37533908218 -1.12050405193
9.71573888722 1.04426695075
9.86661956366 -1.14680995563
7.63238879615 0.634707213167
10.6230253027 -0.301275895325
9.86635942462 0.19449062342
9.14212655043 -0.515917204107
8.61256238579 -0.444906261339
9.20861941205 -2.03847371944
8.38505316358 -1.29954021791
8.99118224231 -0.074077104833
9.83679980534 -1.19249578983
8.42482293647 0.251570235821
8.09012528892 0.976921187299
8.25573851252 0.829680820763
8.00048414986 0.0514135025015
10.6335702488 1.08956217422
9.21288707233 1.77409241794
9.52425869759 0.392809175077
7.44233081433 -0.363602456612
8.70417772081 -0.956580259851
8.97088773079 -0.241303230174
9.31237194343 -0.577978168232
7.63400901347 1.91109443916
7.52184233996 0.864530874687
9.04593145445 -0.961919899764
9.40334448289 0.76975930526
8.60862154963 -0.170480294528
10.1623990088 -2.36288326373
9.99233377376 0.441474984913
8.06165980471 1.86471227901
8.779389362 -0.336659472872
9.87306490411 -0.54721117893
10.8024008158 -0.653506310003
9.64301340677 -0.860719758241
9.93118292649 1.08907466715
7.28644888429 -0.647212713439
7.39500569103 0.325757902845
10.0073509026 0.554039550007
9.48330096454 0.237666332605
10.5389072933 -0.999813001752
8.94869732581 0.986986025828
8.0938798941 0.196067546106
9.34109837019 1.10443961379
9.95614884518 -0.9381007337
9.6914592329 -0.409299650188
8.53603862363 0.0654056342276
9.24120251166 1.77464889265
7.50310207579 -0.694968381402
9.71057437572 0.0378411850145
8.71389429045 0.138084601273
11.3334987354 0.566390999693
7.10539736416 0.498684860232
9.58101188224 1.86767216093
10.6316904347 -2.53908983939
8.57268870275 -0.675203193447
7.89409488416 -0.180252952496
8.99525121711 -0.836371412926
8.90698888204 2.02509037206
9.32666623933 1.39077692649
7.63795880598 0.587502099573
11.0722092247 0.441816961812
8.47404246409 1.20461365859
9.3383029275 -0.630443545673
9.82933492852 -0.10115055379
9.13191027187 1.33310059676
9.93908906667 -0.734197821087
10.525464623 1.32808836559
7.82705005155 1.36536407855
8.1027906181 0.227145417706
8.55446437021 -0.281477856838
9.42843515938 3.09122758606
9.25919231999 -2.05351690577
9.41845014361 0.248410480412
9.14253312022 -0.0865522864477
9.22707239708 -0.243769308538
6.86100447663 0.717563996385
9.55227361738 1.30436713241
8.27176464942 -1.81757330647
7.25111131557 -0.0172960422985
8.62203192182 1.69827832897
9.36891742386 1.4756359186
7.95875503465 -0.0931319612375
7.82448111986 0.214953806721
8.4948730435 0.267161521843
9.16153450488 -0.485056953703
9.43416847064 1.39958573575
7.97036317529 -1.72803935081
9.76305756604 -2.33255868883
8.65276538591 1.13378267309
10.0919821263 2.46496686419
8.55655898658 -0.261491282218
9.97474246853 0.359494988393
7.28929791967 -1.44760614669
9.54357751945 -2.3716598356
7.28348941927 0.498333380168
9.13640458359 -0.105131101028
9.81023074464 -0.576830397579
10.2603905433 -1.34656067372
8.72537294874 0.78764255602
9.36352801924 -0.335598608534
9.20349538176 2.23919688884
9.9435746241 1.72233549992
7.50732299761 -1.11491809274
7.66224907903 0.543425446177
8.19223689062 -0.991401352206
8.32908547595 -1.72235353054
7.97520665299 -0.355896710862
8.99838563448 0.126602602046
9.22311195047 -0.2156057901
9.03706715978 0.0446781630809
8.42052262125 1.6844839317
9.68791514676 1.96288973304
9.18853371245 0.276067479351
9.09791688135 -0.157565882114
10.5533684329 1.01867445606
7.61889555386 0.350927870123
8.82378180762 0.260837074737
9.17811237296 -0.110128197617
8.3853861913 1.11186612188
7.96486317304 0.932222178236
8.39970748007 0.132541797983
11.011028007 -0.499476173148
9.37975046446 -0.0607941619576
8.07344091061 0.574981099125
8.74571050398 -2.55120430854
10.1926749604 1.46717931251
9.04260217643 -1.71850190317
8.43304255888 -0.182823840922
9.11936664587 -1.26135037714
7.920055075 1.41112822341
8.58010109707 0.471982708003
8.55774579059 1.0549115837
10.6193935116 0.784491223035
9.69825613296 0.238897446506
9.26507512164 1.2188151206
10.0653723263 2.07999239253
9.58167088773 -0.498164710879
9.64909049613 -0.0764893515426
9.6980324688 -1.01631418861
10.4736187213 2.60508394168
9.58554518174 0.114556623802
9.87532395897 -0.919062984426
9.75845876654 -1.02631809176
7.79925504976 1.09466994168
9.2054715657 -0.0259758869358
8.70791647219 -0.989724328722
6.83656462445 1.09281993344
8.66970764904 0.00473390871626
8.97056234571 1.11731643288
